3,
:
1,
0,
80,
80,
0,
120,
120,
0,
-153.846,
0,
0,
50,
50,
50,
1,
1,
0,
1,
0,
0,
0,
-173.077,
0,
0,
0,
0,
0,
-173.077,
0,
0,
0,
0,
0,
0,
-142.857,
0,
0,
0,
0,
911.429,
0,
1000,
9.429,
0,
0,
0.968627,
1,
1,
0,
0,
0.607843,
2.711,
3.614,
15,
25,
83.133,
103.614,
0.5,
0.75,
0,
1,
0,
0,
1,
0,
0,
0,
0,
0,
0,
0,
7,
0,
0,
:
*
1,
0,
80,
80,
0,
120,
120,
0,
-153.846,
0,
0,
50,
50,
50,
1,
1,
0,
1,
0,
1,
0,
-173.077,
0,
0,
0,
0,
0,
-173.077,
0,
0,
0,
0,
0,
0,
-142.857,
0,
0,
0,
0,
911.429,
0,
1000,
9.429,
0,
0,
0.968627,
1,
1,
0,
0,
0.607843,
2.711,
3.614,
15,
25,
83.133,
103.614,
0.5,
0.75,
1,
0,
0,
0,
1,
0,
0,
0,
0,
0,
0,
0,
7,
0,
0,
:
*
1,
0,
80,
80,
0,
120,
120,
0,
-153.846,
0,
0,
50,
50,
50,
0,
1,
0,
1,
1,
1,
1,
0,
0,
0,
0,
0,
0,
500,
0,
0,
-173.077,
0,
0,
0,
-114.286,
0,
403.846,
0,
118.868,
0,
0,
1000,
5.429,
1000,
7.714,
0,
0,
1,
0.956863,
0.831373,
1,
3.614,
2,
15,
25,
128.916,
19.277,
0.5,
0.75,
1,
0,
0,
0,
0.5,
457.692,
0,
0,
417.308,
0,
0,
61.8,
2,
0,
1,
:
*
1,
0,
80,
80,
0,
120,
120,
0,
-153.846,
0,
0,
50,
50,
50,
1,
0,
0,
1,
1,
0,
0,
0,
0,
0,
0,
0,
0,
500,
0,
0,
-173.077,
0,
0,
0,
-114.286,
0,
0,
0,
0,
0,
0,
1000,
0,
1000,
8,
1,
0.941176,
1,
0,
0,
1,
3.614,
2,
15,
25,
127.711,
5,
0.458,
0.75,
1,
0,
0,
0,
1,
0,
0,
0,
0,
0,
0,
0,
7,
0,
1,
:
*
